605.421 Foundations of Algorithms 		            Project 1

Minimal required input:

12501
84763
22599
02698
55555
72501
99999
33975
62501
42501

90911
42699
80800
18765
78901
02699
31753
22699
67676
59531

13956
01234
90123
78888
39531
49531
56565
89531
67890
22999

81111
79531
37319
27431
92501
09531
47893
14763
62699
57391

54321
35197
71717
89102
49287
26987
00011
99989
64763
19501

12503
22705
38531
47993
54545
62000
78911
88531
92345
00358

